473 431 1830 2037 655 740 784 727 1356 1437 1470 1512 1533 1760 2089 2081 2511 2279 739 1020 1242 1506 1549 1933 2119 2383 1445
748 624 869 1086 636 721 764 641 1330 1371 1442 1484 1588 1466 1548 1344 1680 1522 1090 742 703 783 808 1081 1238 1478 1173
2322 2239 799 647 2150 2172 2185 2113 2415 2398 2474 2497 2643 2170 1798 1315 1061 1279 2551 1989 1718 1430 1388 1027 872 705 2089
2485 2402 962 801 2311 2332 2344 2274 2559 2538 2614 2636 2782 2296 1904 1424 1124 1369 2710 2144 1870 1578 1535 1160 993 794 2229
2663 2581 1140 973 2488 2508 2519 2450 2719 2696 2771 2792 2939 2441 2031 1556 1217 1484 2884 2316 2040 1744 1700 1314 1138 917 2387
1031 941 506 716 871 917 943 847 1374 1394 1471 1508 1634 1377 1335 1046 1331 1207 1305 815 639 560 564 737 878 1108 1135
2631 2553 1110 932 2454 2470 2479 2413 2664 2639 2713 2733 2880 2377 1960 1488 1139 1411 2843 2272 1993 1694 1649 1257 1077 848 2330
186 20 1430 1626 258 372 427 328 1070 1140 1190 1234 1291 1402 1680 1646 2074 1844 584 619 812 1069 1112 1498 1686 1954 1079
1527 1448 8 228 1355 1381 1397 1320 1699 1696 1775 1805 1945 1556 1331 904 996 994 1764 1216 964 719 688 518 540 683 1399
1426 1346 97 315 1255 1283 1299 1220 1620 1620 1699 1730 1869 1499 1306 901 1042 1009 1667 1124 879 651 624 520 578 752 1327
1863 1787 345 181 1686 1705 1716 1647 1957 1944 2021 2046 2191 1744 1428 953 866 976 2082 1519 1249 967 927 606 505 491 1637
1829 1758 323 131 1650 1665 1675 1609 1904 1890 1967 1992 2137 1687 1369 895 821 921 2041 1474 1202 916 875 548 448 451 1583
62 112 1517 1704 228 315 362 299 981 1055 1100 1144 1190 1346 1661 1666 2109 1864 456 591 822 1100 1146 1547 1739 2012 1027
1483 1416 121 222 1303 1320 1331 1263 1597 1591 1669 1698 1840 1436 1206 781 907 880 1697 1136 873 610 575 396 443 625 1290
1689 1624 226 21 1507 1520 1528 1465 1755 1741 1819 1844 1989 1547 1252 789 795 842 1893 1324 1051 765 725 420 365 461 1435
6 161 1517 1700 195 266 310 262 921 997 1041 1084 1130 1292 1616 1634 2084 1833 403 548 789 1075 1121 1527 1722 1996 974
87 248 1597 1776 253 288 319 309 884 962 1000 1043 1079 1281 1631 1676 2134 1875 322 573 832 1128 1175 1587 1784 2060 968
1139 1088 439 575 953 962 971 908 1260 1263 1342 1374 1511 1167 1056 748 1055 911 1336 775 520 312 299 456 622 880 973
216 374 1693 1864 343 337 350 382 828 910 940 982 1003 1256 1637 1716 2185 1915 226 606 883 1188 1235 1654 1852 2130 954
1186 1137 416 536 998 1004 1010 951 1278 1277 1356 1386 1525 1164 1030 705 1004 864 1375 808 545 310 289 405 570 828 983
134 300 1609 1782 259 267 290 303 828 908 944 987 1021 1234 1595 1655 2118 1854 266 547 816 1117 1164 1580 1778 2055 924
247 310 1332 1499 59 75 128 18 774 838 895 939 1012 1084 1378 1390 1844 1589 447 309 545 838 884 1297 1494 1770 762
1183 1142 453 556 993 992 997 943 1241 1238 1317 1347 1487 1117 981 663 979 827 1359 787 516 265 241 380 556 821 942
305 462 1779 1946 431 411 414 464 815 899 921 961 968 1265 1669 1771 2245 1969 178 664 947 1256 1304 1724 1924 2202 974
185 351 1620 1788 273 256 267 305 774 854 890 932 964 1188 1560 1634 2102 1833 213 524 800 1106 1154 1572 1771 2049 881
1200 1165 481 565 1007 1001 1002 955 1219 1213 1291 1320 1461 1078 930 614 941 780 1361 784 506 232 203 346 530 801 913
262 427 1651 1812 320 274 269 338 710 791 823 865 892 1138 1526 1623 2097 1820 143 516 800 1110 1158 1579 1779 2058 837
1156 1128 543 627 962 950 949 908 1156 1150 1228 1257 1398 1020 893 606 963 782 1306 726 446 170 144 378 570 844 850
1213 1185 518 584 1018 1006 1004 964 1193 1183 1262 1289 1432 1036 878 566 909 736 1359 778 495 203 166 321 513 788 881
789 797 905 1026 591 557 549 527 809 823 902 937 1067 831 932 853 1298 1051 899 319 66 293 341 760 960 1239 564
1167 1149 596 661 971 951 946 913 1114 1104 1182 1210 1352 959 826 553 933 735 1296 713 427 124 86 365 564 842 801
1422 1394 473 453 1227 1211 1207 1172 1341 1321 1398 1421 1567 1114 854 447 712 583 1558 974 686 376 329 114 304 581 1013
2107 2068 756 530 1914 1901 1897 1860 1967 1932 2003 2018 2165 1636 1201 735 413 652 2245 1661 1372 1060 1011 589 388 110 1627
559 602 1137 1274 365 307 292 294 664 702 774 816 925 841 1076 1081 1543 1281 642 80 241 549 597 1018 1218 1497 526
949 944 765 868 751 725 718 691 929 930 1009 1041 1178 863 864 712 1139 907 1068 486 203 130 176 591 791 1069 644
1674 1639 477 334 1480 1466 1463 1425 1573 1547 1621 1641 1788 1299 952 477 532 525 1813 1229 941 629 582 166 66 326 1238
734 882 1911 2039 737 644 603 717 538 614 622 655 642 1009 1477 1687 2179 1874 420 709 972 1273 1319 1735 1934 2209 776
1525 1493 460 391 1330 1315 1311 1275 1434 1411 1486 1508 1655 1185 885 441 631 544 1662 1078 790 478 431 55 202 477 1102
1863 1824 562 356 1670 1658 1655 1616 1752 1722 1795 1813 1960 1453 1062 579 448 560 2005 1421 1133 821 773 352 156 140 1414
1957 1917 622 401 1764 1753 1751 1711 1842 1811 1883 1900 2047 1533 1125 646 434 601 2101 1517 1229 916 868 447 248 62 1504
383 550 1746 1899 438 373 354 445 649 733 755 795 804 1108 1529 1662 2144 1857 15 573 862 1174 1223 1645 1846 2125 826
1531 1506 522 448 1335 1314 1308 1277 1402 1376 1451 1471 1618 1138 825 378 596 487 1653 1069 780 468 420 7 203 482 1067
1968 1933 671 456 1774 1758 1753 1719 1822 1787 1858 1874 2021 1498 1078 603 369 544 2099 1515 1227 914 866 443 243 38 1482
900 931 965 1052 705 647 625 635 728 726 805 837 975 675 768 741 1211 940 944 370 122 267 311 724 923 1200 439
2178 2160 986 782 1980 1950 1937 1920 1910 1864 1928 1938 2082 1524 1043 632 225 488 2265 1688 1404 1101 1054 660 499 356 1571
1620 1635 910 821 1423 1371 1348 1355 1255 1208 1273 1283 1428 881 463 23 516 217 1649 1092 828 573 538 395 471 662 917
813 969 1836 1941 772 658 606 736 251 329 316 347 330 751 1248 1506 1999 1684 465 648 877 1157 1200 1600 1795 2065 567
1669 1689 980 885 1473 1416 1392 1404 1265 1214 1276 1283 1427 868 419 80 506 186 1683 1134 878 636 603 465 525 695 931
973 1071 1394 1456 820 713 663 751 340 308 384 408 553 323 709 941 1433 1118 827 476 498 681 715 1073 1259 1521 4
902 1059 1905 2003 864 750 697 827 261 324 289 311 260 743 1254 1538 2030 1711 545 729 946 1217 1259 1652 1844 2111 598
906 1050 1751 1838 827 707 651 777 73 145 143 182 234 567 1069 1351 1842 1523 607 619 798 1051 1092 1475 1665 1930 412
988 1147 2014 2110 962 851 800 929 351 400 348 357 263 805 1324 1628 2118 1798 615 841 1056 1324 1366 1754 1945 2210 691
949 1106 1939 2033 911 797 744 874 275 328 283 298 227 740 1256 1553 2044 1724 590 771 981 1247 1289 1677 1868 2133 615
986 1120 1703 1776 886 766 710 829 70 20 71 111 237 442 950 1250 1739 1418 715 631 767 994 1032 1398 1583 1843 325
1000 1157 1966 2055 959 844 790 920 284 325 270 277 186 726 1246 1557 2046 1724 641 808 1010 1269 1309 1692 1881 2144 624
998 1153 1941 2028 951 835 781 911 255 294 239 247 165 695 1215 1526 2015 1693 646 790 986 1242 1282 1663 1852 2114 594
1009 1159 1878 1960 945 826 771 899 185 211 152 162 120 608 1128 1443 1931 1608 678 752 929 1175 1214 1588 1775 2036 516
1057 1214 2005 2090 1016 900 847 977 314 343 278 276 159 725 1249 1574 2061 1738 697 858 1052 1304 1344 1720 1908 2168 649
1126 1285 2089 2171 1092 978 925 1055 396 417 346 337 199 779 1303 1643 2127 1803 755 942 1136 1386 1426 1798 1984 2243 725
1224 1338 1632 1665 1090 976 922 1024 376 293 319 308 437 142 666 1033 1505 1179 1005 765 787 923 950 1251 1418 1659 297
1486 1559 1382 1355 1312 1219 1176 1239 818 748 792 788 920 340 183 609 1045 721 1372 945 806 761 764 915 1044 1249 544
1301 1404 1563 1580 1153 1044 993 1084 503 423 456 447 575 14 528 913 1377 1051 1113 808 779 868 889 1156 1314 1546 333
1876 1916 1276 1163 1685 1614 1582 1614 1333 1268 1317 1314 1447 867 342 380 588 321 1835 1328 1103 905 878 762 788 894 1027
1137 1286 1948 2016 1069 950 894 1021 270 256 177 152 9 581 1106 1456 1937 1611 805 857 1011 1237 1274 1630 1811 2065 560
1630 1692 1342 1284 1449 1363 1324 1376 1004 935 980 976 1107 527 16 493 883 566 1542 1082 905 796 787 846 945 1122 717
2193 2219 1369 1206 1998 1936 1908 1929 1687 1621 1669 1666 1797 1218 693 583 443 404 2177 1651 1406 1166 1131 891 833 823 1378
1329 1493 2361 2443 1322 1214 1163 1293 668 683 609 592 445 1009 1530 1896 2374 2049 937 1206 1408 1658 1697 2066 2249 2505 993
2641 2658 1657 1457 2444 2387 2361 2376 2144 2076 2122 2116 2244 1667 1147 1008 663 812 2636 2104 1850 1591 1551 1244 1129 1005 1838
1428 1591 2407 2480 1412 1301 1249 1379 715 717 640 615 470 1005 1517 1903 2375 2048 1040 1274 1461 1699 1736 2092 2271 2521 1024
1435 1570 1965 1991 1333 1213 1157 1273 516 442 399 357 376 425 891 1319 1765 1441 1144 1048 1111 1258 1284 1569 1728 1955 614
1709 1798 1657 1613 1547 1445 1398 1476 929 846 867 847 952 435 345 827 1191 887 1543 1186 1081 1052 1054 1173 1279 1453 736
1412 1563 2168 2217 1348 1229 1173 1300 540 503 428 388 289 684 1180 1589 2048 1723 1065 1127 1257 1454 1486 1810 1979 2218 775
2722 2748 1802 1607 2528 2464 2435 2458 2177 2106 2146 2137 2259 1688 1180 1105 807 915 2696 2179 1935 1691 1653 1371 1268 1161 1884
1552 1716 2535 2604 1542 1431 1380 1510 844 843 765 738 594 1108 1612 2011 2477 2151 1161 1407 1591 1825 1861 2211 2388 2635 1147
1529 1668 2088 2112 1435 1315 1259 1378 611 544 491 447 428 543 987 1428 1865 1543 1220 1162 1234 1382 1407 1688 1843 2066 736
1794 1888 1761 1712 1637 1532 1484 1566 985 901 913 889 982 507 440 919 1261 966 1612 1278 1183 1160 1161 1273 1372 1537 820
1646 1810 2607 2671 1634 1522 1471 1601 922 916 837 807 667 1156 1650 2061 2521 2195 1256 1491 1669 1895 1931 2273 2446 2689 1216
